0.220935 0.159187 1
0.014659 0.065433 1
-0.070182 0.044055 1
-0.032334 0.396208 1
0.159088 0.117072 1
-0.311523 -0.250221 1
0.156663 0.150513 1
-0.216429 0.264087 1
-0.110405 0.080943 1
-0.067740 0.240499 1
-0.302478 0.042378 1
-0.161240 0.055425 1
0.050192 -0.128504 1
-0.521545 -0.045747 1
0.298731 -0.064608 1
-0.232823 -0.198665 1
0.258615 0.249967 1
-0.242494 -0.265798 1
-0.474331 0.234064 1
-0.153913 0.109368 1
-0.149008 -0.036242 1
0.161101 0.249441 1
0.110462 0.369183 1
0.105667 -0.006359 1
0.101210 0.096817 1
0.121894 0.299291 1
-0.072197 0.007166 1
-0.239614 -0.068475 1
0.077177 0.250999 1
0.383097 0.062322 1
-0.027146 0.166448 1
-0.028972 0.363158 1
0.102854 0.440991 1
-0.058223 0.238881 1
-0.279904 0.231600 1
0.013496 -0.039115 1
-0.071327 0.133697 1
-0.072235 0.641808 1
0.181377 -0.275902 1
0.036072 0.234413 1
-0.355358 0.147471 1
-0.258737 0.095999 1
0.002891 0.002497 1
-0.128300 0.063953 1
-0.093059 0.118665 1
-0.273591 -0.089278 1
-0.013638 0.066505 1
0.169054 0.417251 1
0.217379 0.164938 1
0.030629 0.124334 1
-0.216660 0.096682 1
-0.026880 0.306626 1
-0.417208 0.034978 1
0.301856 0.168484 1
0.018937 0.154455 1
-0.051153 0.289573 1
0.032941 -0.097905 1
-0.200929 0.402906 1
0.019900 0.240177 1
0.050493 0.402273 1
0.409489 0.448908 1
0.131694 0.183443 1
-0.225578 -0.002822 1
-0.039113 0.168649 1
0.000349 0.077893 1
0.019020 0.055062 1
0.153559 0.357473 1
0.001130 -0.155978 1
-0.211589 0.119104 1
0.177549 0.168527 1
0.143199 -0.015579 1
-0.106522 0.229670 1
0.236523 0.249597 1
0.019905 -0.012398 1
-0.137008 -0.150420 1
-0.284859 0.361345 1
0.105500 0.122497 1
0.181409 0.280714 1
-0.395612 0.544009 1
0.010156 0.169755 1
0.172736 0.389569 1
0.090376 0.252736 1
0.243020 -0.062849 1
-0.205797 0.059751 1
0.056231 0.033060 1
-0.156466 0.180369 1
-0.086705 0.112767 1
-0.035605 0.113621 1
0.120003 0.057233 1
0.120956 0.171707 1
0.061611 -0.067217 1
0.067737 0.313663 1
-0.134919 0.162156 1
-0.027440 -0.285946 1
0.016462 0.171659 1
0.141339 -0.190475 1
0.148533 0.294418 1
-0.281017 0.557364 1
0.026181 -0.122117 1
-0.085341 0.049824 1
-0.412544 0.328319 1
-0.281087 0.319057 1
0.167983 0.211976 1
-0.034398 0.306663 1
-0.244851 0.200567 1
-0.044346 0.227772 1
0.136845 0.313448 1
0.056383 0.041514 1
0.189810 0.342756 1
0.048763 -0.162407 1
-0.069770 0.317336 1
-0.101633 0.272942 1
-0.011283 -0.160948 1
0.145381 0.230828 1
-0.163321 0.346743 1
-0.024647 0.110463 1
0.229016 0.161532 1
0.044077 0.076378 1
-0.331354 -0.004855 1
-0.021830 0.251973 1
-0.205345 -0.160424 1
0.117775 -0.170066 1
0.154790 -0.118303 1
-0.058480 0.042665 1
-0.000825 -0.184331 1
-0.055614 0.061729 1
0.331362 0.352043 1
0.014775 0.309152 1
-0.286502 -0.284904 1
0.038828 0.538273 1
-0.182319 -0.263355 1
-0.095655 -0.091780 1
-0.031765 0.208149 1
0.171178 -0.211563 1
0.062781 0.223548 1
-0.233676 0.398254 1
0.084929 0.217608 1
0.180479 0.021909 1
-0.169789 -0.259076 1
0.340213 0.409965 1
-0.270366 0.057299 1
-0.032472 0.377977 1
-0.365365 0.199856 1
0.023138 0.184931 1
-0.174863 0.237205 1
-0.079528 -0.057272 1
-0.113841 -0.193835 1
-0.048522 0.081700 1
0.044096 0.141617 1
-0.235681 0.349544 1
0.124251 0.165658 1
0.070271 0.084347 1
-0.117710 -0.136672 1
0.216708 -0.025456 1
0.089477 0.206948 1
-0.065307 -0.071830 1
0.044819 0.057785 1
0.088736 0.199037 1
-0.011785 0.096221 1
0.038683 0.136650 1
-0.093308 0.083053 1
-0.097423 -0.095403 1
-0.169549 0.384299 1
-0.140901 0.303432 1
-0.277914 0.185296 1
0.033273 0.000292 1
-0.079497 0.447094 1
-0.063017 0.236769 1
0.266640 -0.032198 1
0.112957 0.054208 1
0.211493 0.084711 1
-0.163141 -0.047763 1
-0.140898 0.049863 1
0.179213 0.044419 1
-0.089578 0.058825 1
0.018835 0.316338 1
0.403478 -0.160430 1
-0.124478 0.360691 1
-0.080331 0.028676 1
-0.174685 0.343357 1
-0.013921 -0.143857 1
-0.216965 0.049262 1
-0.272200 0.174514 1
-0.068659 -0.181756 1
-0.255066 0.050970 1
-0.550721 0.071807 1
-0.342446 0.257052 1
-0.161117 -0.074819 1
-0.174262 0.579366 1
0.077823 0.065129 1
-0.087288 0.329946 1
-0.048180 0.124536 1
-0.066328 0.123468 1
-0.306222 0.104915 1
0.233759 0.048605 1
-0.086053 0.291000 1
0.051256 0.335925 1
-0.070980 0.127675 1
-0.052590 0.012282 1
0.182764 0.322184 1
-0.095174 0.211918 1
0.116129 0.063226 1
-0.264142 0.245801 1
0.232892 0.021822 1
-0.116457 0.503216 1
-0.011245 0.549341 1
-0.380689 -0.256115 1
-0.032415 0.157258 1
-0.526102 -0.032367 1
0.234992 0.240638 1
0.161843 0.161043 1
-0.263243 0.064075 1
0.341554 0.320532 1
0.214749 0.053700 1
-0.245590 -0.106178 1
-0.107977 0.149107 1
-0.059786 -0.200741 1
-0.061752 0.164323 1
-0.274081 0.202942 1
0.316670 0.206248 1
0.011208 0.231096 1
-0.118336 0.546013 1
0.194434 0.334021 1
-0.477678 0.063531 1
-0.045792 -0.082394 1
-0.113901 0.214715 1
-0.264714 0.072406 1
0.004538 0.453829 1
-0.059361 0.180160 1
0.154776 -0.096166 1
0.069893 0.128678 1
0.163433 0.137348 1
-0.087119 0.221823 1
-0.156763 -0.039033 1
-0.137018 0.135493 1
0.088477 0.273587 1
0.115987 0.064396 1
0.058788 -0.037146 1
0.029583 0.123252 1
-0.284561 0.092240 1
0.156605 0.349184 1
-0.506389 0.200036 1
-0.441178 -0.007578 1
-0.129881 0.161020 1
-0.316891 -0.040142 1
0.091238 0.028377 1
0.297160 -0.130309 1
-0.374763 -0.108070 1
0.362793 -0.105049 1
-0.266398 0.073160 1
-0.168121 0.035220 1
-0.249685 -0.546985 1
-0.156115 0.295755 1
0.092028 -0.061598 1
0.168690 0.050951 1
-0.182364 0.597588 1
-0.076839 0.288338 1
0.115344 0.325850 1
0.220333 0.355324 1
0.056287 -0.154240 1
-0.432572 0.444634 1
0.022535 -0.050788 1
-0.253801 -0.023619 1
-0.334429 0.026277 1
-0.208447 0.079584 1
-0.208756 0.397164 1
0.197941 -0.163897 1
-0.088506 0.537882 1
0.057224 0.105604 1
-0.164236 0.262953 1
-0.216003 0.162650 1
-0.116365 0.113894 1
0.213438 0.138563 1
0.319339 0.528110 1
-0.124746 0.091708 1
0.095429 -0.098736 1
0.013181 0.182444 1
-0.133786 0.115974 1
0.175352 0.168832 1
0.053498 0.219387 1
0.118405 0.199698 1
-0.293068 0.061253 1
-0.069062 -0.130797 1
-0.041478 0.169028 1
0.337078 0.337898 1
-0.226960 -0.266669 1
-0.305531 -0.150430 1
0.004559 0.185767 1
-0.285061 -0.292417 1
0.032381 0.303048 1
0.307921 0.142208 1
-0.010491 0.110094 1
0.305026 -0.102974 1
-0.351850 0.317839 1
0.078958 0.405942 1
-0.138400 0.166482 1
-0.249421 0.354363 1
-0.081502 -0.043583 1
-0.017035 0.043947 1
-0.070320 0.271128 1
-0.515541 0.594111 2
-0.721513 0.335014 2
-0.374999 0.211319 2
-0.547398 0.272115 2
-0.400136 0.605294 2
-0.654934 0.398747 2
-0.561201 0.522841 2
-0.347850 0.803956 2
-0.521385 0.338371 2
-0.762906 0.770914 2
-0.724070 0.659708 2
-0.348597 0.386470 2
-0.344960 0.183278 2
-0.610867 0.326676 2
-0.669542 0.498147 2
-0.451648 0.302182 2
-0.527137 0.945265 2
-0.684981 0.449866 2
-0.450197 0.472112 2
-0.518350 0.348211 2
-0.452582 0.325269 2
-0.634515 0.248402 2
-0.375547 0.443870 2
-0.258834 0.342401 2
-0.455808 0.539350 2
-0.549595 0.441201 2
-0.360717 0.701589 2
-0.414812 0.498105 2
-0.521496 0.703213 2
-0.851082 0.471168 2
-0.690635 0.602300 2
-0.902126 0.399493 2
-0.557150 0.684630 2
-0.923573 0.326355 2
-0.601674 0.557084 2
-0.407703 0.344933 2
-0.587305 0.442948 2
-0.769395 0.557084 2
-0.931541 0.366316 2
-0.601142 0.609814 2
-0.151015 0.520319 2
-0.592168 0.456943 2
-0.474678 0.442990 2
-0.657140 0.831693 2
-0.478573 0.450740 2
-0.812045 0.732936 2
-0.634607 0.534299 2
-0.666463 0.506473 2
-0.361434 0.576767 2
-0.923788 0.737016 2
-0.333354 0.549367 2
-0.617698 0.870520 2
-0.585801 0.586998 2
-0.520179 0.452703 2
-0.736037 0.834767 2
-0.687817 0.474408 2
-0.431353 0.553931 2
-0.317146 0.428862 2
-0.799356 0.884300 2
-0.746624 0.314589 2
-0.570441 0.345130 2
-0.477547 0.730989 2
-0.588071 0.606469 2
-0.635971 0.635795 2
-0.597495 0.242083 2
-0.437113 0.593103 2
-0.627648 0.645838 2
-0.379257 0.254973 2
-0.509612 0.331559 2
-0.595326 0.433912 2
-0.701125 0.293401 2
-0.790102 0.474295 2
-0.475941 0.530240 2
-0.360684 0.655580 2
-0.260392 0.636003 2
-0.660330 0.522148 2
-0.662252 0.759071 2
-0.374871 0.497071 2
-0.526205 0.618175 2
-0.534782 0.456923 2
-0.785264 0.594183 2
-0.651117 0.591438 2
-0.503218 0.645914 2
-0.592696 0.607601 2
-0.846071 0.586569 2
-0.822806 0.597233 2
-0.542160 0.271334 2
-0.670687 0.543317 2
-0.782946 0.303941 2
-0.430828 0.712899 2
-0.487281 0.185945 2
-0.562693 0.306152 2
-0.480484 0.565231 2
-0.476043 0.981855 2
-0.651811 0.273215 2
-0.234461 0.503128 2
-0.503712 0.769489 2
-0.479589 0.550355 2
-0.582231 0.351836 2
-0.398005 0.714196 2
0.251427 -0.588723 2
0.661278 -0.460221 2
0.414642 -0.362201 2
0.444142 -0.465497 2
0.618182 -0.313389 2
0.384724 -0.107633 2
0.518905 -0.524103 2
0.274742 -0.606248 2
0.434617 -0.711272 2
0.379851 -0.476120 2
0.315498 -0.512875 2
0.349642 -0.688763 2
0.389377 -0.457609 2
0.364785 -0.530178 2
0.357638 -0.315112 2
0.202016 -0.592867 2
0.470135 -0.575623 2
0.630690 -0.349078 2
0.677087 -0.665309 2
0.443193 -0.538021 2
0.488456 -0.315935 2
0.435344 -0.716456 2
0.185482 -0.200027 2
0.238302 -0.601579 2
0.539182 -0.510342 2
0.457690 -0.460687 2
0.430095 -0.762812 2
0.406579 -0.508306 2
0.090726 -0.801641 2
0.349293 -0.209740 2
0.304304 -0.509873 2
0.516163 -0.904040 2
0.491919 -0.690204 2
0.721116 -0.707326 2
0.390693 -0.785686 2
0.149392 -0.626691 2
0.420085 -0.531531 2
0.251773 -0.641985 2
0.529132 -0.623279 2
0.174616 -0.291523 2
0.568655 -0.685037 2
0.305388 -0.570760 2
0.365620 -0.440410 2
0.195317 -0.813452 2
0.309023 -0.693386 2
0.442304 -0.443349 2
0.440030 -0.680325 2
0.364276 -0.531734 2
0.502328 -0.461282 2
0.426988 -0.705008 2
0.362883 -0.511986 2
0.402810 -0.097012 2
0.495329 -0.595601 2
0.649872 -0.590344 2
0.254785 -0.107343 2
0.343978 -0.576011 2
0.186888 -0.421076 2
0.259041 -0.422382 2
0.343857 -0.654027 2
0.428827 -0.674150 2
0.482575 -0.534001 2
0.591323 -0.388483 2
0.773595 -0.245377 2
0.224127 -0.547948 2
0.403457 -0.293283 2
0.287947 -0.828576 2
0.077549 -1.076973 2
0.325541 -0.173126 2
0.360469 -0.736504 2
0.385032 -0.465981 2
0.311376 -0.317962 2
0.242461 -0.407188 2
0.333653 -0.759105 2
0.302404 -0.513321 2
0.508008 -0.549853 2
0.516637 -0.387632 2
0.528614 -0.494520 2
0.424839 -0.949126 2
0.485955 -0.498196 2
0.482046 -0.488476 2
0.574803 -0.621427 2
0.672298 -0.156761 2
0.365121 -0.521321 2
0.315616 -0.604817 2
0.450965 -0.579795 2
0.340874 -0.636961 2
0.148053 -0.569147 2
0.604967 -0.095186 2
0.519735 -0.850873 2
0.617920 -0.518712 2
0.407517 -0.761396 2
0.463014 -0.661903 2
0.583256 -0.336264 2
0.274060 -0.541159 2
0.562258 -0.778347 2
0.344771 -0.383955 2
0.447056 -0.391874 2
0.596616 -0.613746 2
0.637720 -0.046159 2
0.261807 -0.474919 2
0.525768 -0.243791 2
0.459563 -0.576610 2
0.622715 -0.469730 2
0.497899 -0.435845 2
0.567281 -0.366931 2
0.464778 -0.998050 2
0.453623 -0.354391 2
0.338435 -0.685363 2
0.484766 -0.555428 2
0.399420 -0.447902 2
0.293849 -0.630334 2
0.032482 -0.341654 2
0.513070 -0.396831 2
0.501352 -0.376570 2
0.460796 -0.463362 2
0.324622 -0.713077 2
0.708969 -0.113758 2
0.332243 -0.596512 2
0.494719 -0.324869 2
0.303572 -0.449009 2
0.645523 -0.303482 2
0.599907 -0.743757 2
0.299531 -0.648577 2
0.632083 -0.357314 2
0.550266 -0.299381 2
0.308430 -0.660782 2
0.114053 -0.232947 2
0.296111 -0.844175 2
0.729256 -0.831492 2
0.535054 -0.677221 2
0.520565 -0.227724 2
0.475259 -0.638146 2
0.508876 -0.371144 2
0.719049 -0.471630 2
0.581884 -0.197555 2
0.435827 -0.887102 2
0.352648 -0.933419 2
0.593535 -0.665232 2
0.387534 -0.592854 2
0.333092 -0.282108 2
0.318292 -0.321233 2
0.331612 -0.650243 2
0.603778 -0.767884 2
0.393773 -0.624208 2
0.658922 -0.789537 2
0.235636 -0.392190 2
0.475546 -0.441800 2
0.430397 -0.256454 2
0.098291 -0.522633 2
0.583863 -0.771836 2
0.358017 -0.480522 2
0.329969 -0.532702 2
0.443113 -0.559873 2
0.101597 -0.668237 2
0.335507 -0.712092 2
0.624003 -0.811494 2
0.399385 -0.754499 2
0.326393 -0.624058 2
0.426015 -0.733833 2
0.345744 -0.252906 2
0.399671 -0.596875 2
0.429159 -0.608917 2
0.438279 -0.534316 2
0.371750 -0.256577 2
0.478323 -0.542712 2
0.195256 -0.382922 2
0.462798 -0.807225 2
0.303562 -0.611139 2
0.577160 -0.798257 2
0.573580 -0.537328 2
0.209134 -0.493312 2
0.331228 -0.273456 2
0.432669 -0.428083 2
0.676135 -0.266746 2
0.325133 -0.028636 2
0.505569 -0.247718 2
0.394989 -0.685604 2
0.304776 -0.337320 2
0.282372 -0.657977 2
0.626420 -0.550606 2
0.545283 -0.639650 2
0.440804 -0.429302 2
0.398790 -0.497282 2
0.248423 -0.656902 2
0.494508 -0.265117 2
0.215574 -0.293450 2
0.358395 -0.296377 2
0.638238 -0.516700 2
0.418454 -0.389877 2
0.562218 -0.269000 2
0.793488 -0.719999 2
0.622046 -0.530865 2
0.729144 -0.526231 2
0.458425 -0.396451 2
0.258754 -0.637655 2
0.168841 -0.758621 2
0.489716 -0.418333 2
0.188980 -0.472033 2
0.498397 -0.842699 2
0.264853 -0.646477 2
