-0.423809 0.173816 1
-0.732064 -0.079820 1
-0.284335 0.717345 1
-0.243749 0.341101 1
-0.602286 0.552602 1
-0.017939 0.529274 1
-0.018377 0.476127 1
-0.325077 0.219774 1
-0.233845 0.233974 1
-0.272008 0.377153 1
-0.362345 0.174289 1
-0.134221 0.206785 1
-0.462747 0.838880 1
0.230128 0.484696 1
-0.349767 0.166431 1
-0.287185 0.460453 1
-0.048976 0.188674 1
-0.300848 0.133441 1
-0.339580 0.405485 1
-0.523756 0.709127 1
-0.242065 0.502921 1
-0.649714 0.634877 1
-0.137087 0.178805 1
0.090222 0.355609 1
-0.488612 0.405150 1
-0.101169 0.167472 1
-0.002168 0.140901 1
-0.714101 0.703565 1
-0.675909 0.473571 1
-0.172881 0.309474 1
-0.415640 0.672192 1
-0.143169 0.528667 1
-0.111763 0.223320 1
-0.137691 0.805657 1
0.006894 0.543136 1
-0.148518 0.840489 1
-0.017959 0.755267 1
-0.616282 0.299726 1
-0.320616 0.147776 1
-0.354848 0.452529 1
-0.716690 0.388111 1
-0.251342 0.259853 1
-0.579786 0.595203 1
0.038117 0.842883 1
-0.516941 0.334141 1
-0.183482 0.259071 1
-0.260838 0.409176 1
-0.546144 0.636516 1
-0.858337 0.257211 1
-0.330465 0.170432 1
-0.568327 0.440793 1
-0.162052 0.454437 1
-0.188733 0.592084 1
0.107439 0.321888 1
-0.167848 0.433343 1
-0.476567 0.362072 1
-0.220584 0.450928 1
-0.567947 0.854548 1
-0.320546 0.319140 1
-0.327723 0.133920 1
-0.315657 0.588106 1
-0.395133 0.244868 1
-0.041917 0.479730 1
-0.784166 0.313877 1
-0.208622 0.604610 1
-0.091759 0.608981 1
-0.132929 0.419838 1
-0.171204 -0.042821 1
-0.305590 0.503900 1
-0.146396 0.868995 1
-0.173443 0.725363 1
-0.379580 0.075660 1
-0.410035 0.451095 1
-0.389640 0.300346 1
-0.684452 0.214622 1
-0.374169 0.162172 1
-0.286057 0.542962 1
-0.236966 0.363434 1
0.045209 0.484711 1
-0.403412 0.378792 1
-0.159860 0.354517 1
-0.115906 0.563500 1
-0.080446 0.652831 1
-0.563691 0.998800 1
-0.262659 0.131436 1
-0.256198 0.215108 1
-0.567609 0.730219 1
-0.501179 0.373310 1
-0.045094 0.125444 1
-0.348543 0.549646 1
-0.218198 0.859071 1
-0.293671 0.647734 1
-0.474535 0.960106 1
-0.455562 0.596896 1
-0.204755 0.936892 1
-0.553144 0.385807 1
-0.120373 0.185815 1
-0.173428 0.417979 1
-0.521097 0.768321 1
-0.382070 0.191708 1
0.636766 -0.581775 2
0.451263 -0.427092 2
0.624152 -0.468224 2
0.376499 -0.621878 2
0.554373 -0.269810 2
0.240790 -0.449683 2
0.467511 -0.366936 2
0.610782 -0.554833 2
0.493324 -0.545702 2
0.726958 -0.400214 2
0.446783 -0.431346 2
0.192693 -0.170136 2
0.356729 -0.488634 2
0.699822 -0.115485 2
0.524491 -0.221090 2
0.598358 -0.739130 2
0.683105 -0.699450 2
0.223411 -0.533399 2
0.444773 -0.475241 2
0.435829 -0.446028 2
0.388754 -0.321826 2
0.514162 -0.555709 2
0.769627 -0.555592 2
0.535709 -0.477546 2
0.725592 -0.450438 2
0.437044 -0.405535 2
0.542603 -0.288624 2
0.424041 -0.354117 2
0.629515 -0.709961 2
0.503794 -0.342766 2
0.613495 -0.325646 2
0.641698 -0.351917 2
0.529726 -0.250856 2
0.674851 -0.398304 2
0.887868 -0.548317 2
0.620170 -0.469768 2
0.539707 -0.814721 2
0.678446 -0.376376 2
0.549866 -0.429827 2
0.375414 -0.536034 2
0.614299 -0.545575 2
0.540724 -0.609468 2
0.500042 -0.454528 2
0.732943 -0.390467 2
0.820985 -0.496923 2
0.463091 -0.522353 2
0.556988 -0.452765 2
0.420327 -0.473582 2
0.643540 -0.590958 2
0.186786 -0.253486 2
0.689992 -0.381232 2
0.574310 -0.255227 2
0.580724 -0.522028 2
0.723491 -0.615176 2
0.500275 -0.326221 2
0.521504 -0.441188 2
0.350900 -0.560800 2
0.291934 -0.460738 2
0.435942 -0.748696 2
0.583607 -0.284781 2
0.460293 -0.594547 2
0.341445 -0.550642 2
0.702378 -0.246446 2
0.434662 -0.583755 2
0.539782 -0.509297 2
0.541352 -0.523293 2
0.504059 -0.204406 2
0.600961 -0.435233 2
0.501873 -0.609527 2
0.291873 -0.616046 2
0.387128 -0.187017 2
0.577939 -0.156750 2
0.352986 -0.202108 2
0.489397 -0.635759 2
0.400269 -0.479399 2
0.365291 -0.477208 2
0.388303 -0.401244 2
0.481225 -0.533217 2
0.567525 -0.594016 2
0.524057 -0.514390 2
0.701093 -0.285055 2
0.504667 -0.091471 2
0.313844 -0.412975 2
0.542935 -0.487362 2
0.552181 -0.342118 2
0.588955 -0.520507 2
0.616449 -0.167996 2
0.733187 -0.281341 2
0.459302 -0.631503 2
0.580596 -0.547851 2
0.539498 -0.246229 2
0.454435 -0.389156 2
0.861921 -0.388410 2
0.502832 -0.703468 2
0.330045 -0.413190 2
0.806990 -0.344523 2
0.590307 -0.542887 2
0.373619 -0.597759 2
0.634527 -0.475212 2
0.731942 -0.605473 2
-0.515339 -0.798472 3
-0.462729 -0.490020 3
-0.298617 -0.780397 3
-0.477632 -0.681108 3
-0.585911 -0.603789 3
-0.259480 -0.544659 3
-0.380826 -0.593366 3
-0.469994 -0.321146 3
-0.403863 -0.338576 3
-0.580820 -0.487906 3
-0.376156 -0.568099 3
-0.464333 -0.703012 3
-0.410862 -0.651072 3
-0.661709 -0.792767 3
-0.274258 -0.638051 3
-0.439444 -0.652508 3
-0.792179 -0.319177 3
-0.434117 -0.468888 3
-0.313456 -0.572123 3
-0.408827 -0.625786 3
-0.297491 -0.569448 3
-0.306632 -0.466943 3
-0.641023 -0.246344 3
-0.850449 -0.532838 3
-0.236299 -0.452376 3
-0.445989 -0.479963 3
-0.501560 -0.498658 3
-0.565505 -0.431627 3
-0.734842 -0.392967 3
-0.471402 -0.575249 3
-0.710780 -0.628992 3
-0.630501 -0.547865 3
-0.535905 -0.432368 3
-0.391221 -0.399485 3
-0.448248 -0.663277 3
-0.706420 -0.445037 3
-0.282327 -0.607693 3
-0.499698 -0.632265 3
-0.224040 -0.500648 3
-0.685957 -0.442055 3
-0.622003 -0.667409 3
-0.619703 -0.806662 3
-0.520688 -0.589423 3
-0.651167 -0.498918 3
-0.649207 -0.569347 3
-0.861484 -0.345243 3
-0.630336 -0.631487 3
-0.466006 -0.462598 3
-0.532183 -0.699591 3
-0.529751 -0.771340 3
-0.522157 -0.481873 3
-0.479335 -0.790766 3
-0.579789 -0.776956 3
-0.610370 -0.672625 3
-0.428384 -0.805156 3
-0.567747 -0.498090 3
-0.470238 -0.623474 3
-0.648533 -0.775924 3
-0.526515 -0.715137 3
-0.392928 -0.729849 3
-0.638183 -0.592614 3
-0.483749 -0.944060 3
-0.540030 -0.686024 3
-0.515927 -0.790580 3
-0.558394 -0.532424 3
-0.816254 -0.492090 3
-0.526140 -0.559795 3
-0.295607 -0.597087 3
-0.406838 -0.977118 3
-0.561178 -0.577663 3
-0.603825 -0.713318 3
-0.467265 -0.621693 3
-0.562136 -0.631008 3
-0.583880 -0.755608 3
-0.496300 -0.494863 3
-0.316543 -0.545908 3
-0.882609 -0.634504 3
-0.416880 -0.448057 3
-0.655818 -0.345127 3
-0.362966 -0.748097 3
-0.868202 -0.585761 3
-0.538183 -0.748466 3
-0.495898 -0.469246 3
-0.568300 -0.506846 3
-0.535046 -0.659460 3
-0.731570 -0.665753 3
-0.673561 -0.694877 3
-0.626859 -0.442999 3
-0.449616 -0.619149 3
-0.592524 -0.604347 3
-0.273997 -0.770634 3
-0.483598 -0.534978 3
-0.784023 -0.178330 3
-0.572737 -0.538417 3
-0.602419 -0.795292 3
-0.489111 -0.544853 3
-0.537703 -0.797237 3
-0.546465 -0.559585 3
-0.614658 -0.835832 3
-0.514288 -0.473993 3
